3.1939692e-06 -9.6410892e-06 -3.6337873e-05 -1.2998993e-07 -1.6515971e-07 -9.6518242e-06 6.3929603e-09
-9.6410892e-06 0.0014919593 0.014476089 9.6664976e-06 1.0613752e-06 4.5187434e-05 3.0793123e-06
-3.6337873e-05 0.014476089 0.26646739 7.9395304e-06 -2.149167e-06 0.00048910026 1.0342745e-05
-1.2998993e-07 9.6664976e-06 7.9395304e-06 1.702167e-07 1.434464e-08 4.8883898e-08 4.9553206e-08
-1.6515971e-07 1.0613752e-06 -2.149167e-06 1.434464e-08 1.1183411e-08 3.8996363e-07 4.6403414e-09
-9.6518242e-06 4.5187434e-05 0.00048910026 4.8883898e-08 3.8996363e-07 0.00013058826 -2.8999162e-06
6.3929603e-09 3.0793123e-06 1.0342745e-05 4.9553206e-08 4.6403414e-09 -2.8999162e-06 1.4793776e-07
